100;0.00010399999999999999999880695409379231797242226775779272429645061492919921875
600;0.000102999999999999999997736727964936509494009442278183996677398681640625
1000;0.000102999999999999999997736727964936509494009442278183996677398681640625
3000;0.000102999999999999999997736727964936509494009442278183996677398681640625
5000;0.000102999999999999999997736727964936509494009442278183996677398681640625
7000;0.000102999999999999999997736727964936509494009442278183996677398681640625
9000;0.000107000000000000000002017632480359743407660744196618907153606414794921875
10000;0.0001049999999999999999998771802226481264508350932374014519155025482177734375
12000;0.00010600000000000000000094740635150393492924791871701017953455448150634765625
14000;0.00010399999999999999999880695409379231797242226775779272429645061492919921875
16000;0.00010399999999999999999880695409379231797242226775779272429645061492919921875
18000;0.00010600000000000000000094740635150393492924791871701017953455448150634765625
20000;0.00010399999999999999999880695409379231797242226775779272429645061492919921875
22000;0.0001049999999999999999998771802226481264508350932374014519155025482177734375
24000;0.0001049999999999999999998771802226481264508350932374014519155025482177734375
26000;0.0001049999999999999999998771802226481264508350932374014519155025482177734375
28000;0.00010399999999999999999880695409379231797242226775779272429645061492919921875
30000;0.0001049999999999999999998771802226481264508350932374014519155025482177734375
32000;0.00010399999999999999999880695409379231797242226775779272429645061492919921875
34000;0.000102999999999999999997736727964936509494009442278183996677398681640625
36000;0.00010899999999999999999754063983764713896551512561927665956318378448486328125
38000;0.00010399999999999999999880695409379231797242226775779272429645061492919921875
40000;0.0001049999999999999999998771802226481264508350932374014519155025482177734375
42000;0.00010399999999999999999880695409379231797242226775779272429645061492919921875
44000;0.00010800000000000000000308785860921555188607356967622763477265834808349609375
46000;0.0001049999999999999999998771802226481264508350932374014519155025482177734375
48000;0.0001049999999999999999998771802226481264508350932374014519155025482177734375
50000;0.00010600000000000000000094740635150393492924791871701017953455448150634765625
52000;0.00010399999999999999999880695409379231797242226775779272429645061492919921875
54000;0.00010399999999999999999880695409379231797242226775779272429645061492919921875
56000;0.0001049999999999999999998771802226481264508350932374014519155025482177734375
58000;0.00010399999999999999999880695409379231797242226775779272429645061492919921875
60000;0.0001049999999999999999998771802226481264508350932374014519155025482177734375
62000;0.0001099999999999999999986108659665029474439279510988853871822357177734375
64000;0.0001049999999999999999998771802226481264508350932374014519155025482177734375
66000;0.00010399999999999999999880695409379231797242226775779272429645061492919921875
68000;0.0001049999999999999999998771802226481264508350932374014519155025482177734375
70000;0.0001629999999999999999957758466920428042090662756891106255352497100830078125
72000;0.0001049999999999999999998771802226481264508350932374014519155025482177734375
74000;0.00010600000000000000000094740635150393492924791871701017953455448150634765625
76000;0.00010600000000000000000094740635150393492924791871701017953455448150634765625
78000;0.0001049999999999999999998771802226481264508350932374014519155025482177734375
80000;0.0001049999999999999999998771802226481264508350932374014519155025482177734375
82000;0.00010600000000000000000094740635150393492924791871701017953455448150634765625
84000;0.0001049999999999999999998771802226481264508350932374014519155025482177734375
86000;0.00010399999999999999999880695409379231797242226775779272429645061492919921875
88000;0.00010600000000000000000094740635150393492924791871701017953455448150634765625
90000;0.00010399999999999999999880695409379231797242226775779272429645061492919921875
92000;0.0001049999999999999999998771802226481264508350932374014519155025482177734375
94000;0.00010600000000000000000094740635150393492924791871701017953455448150634765625
96000;0.0001260000000000000000024995942273474403005906196995056234300136566162109375
98000;0.0001049999999999999999998771802226481264508350932374014519155025482177734375
